0.00	2.29	2.42	1.34	1.51	1.59	1.34	1.62	1.44	3.82	3.64	3.19	3.78	3.81	1.67	10.22	12.53	11.85	11.75	10.23	12.14	10.23	8.64	7.92	7.73	1.90	2.82	4.34	3.62	2.24	4.82	5.79	6.32	2.65	6.16	6.42	6.60	6.44	4.33	6.10	6.49	5.40	6.34	4.07	4.61	4.98	4.28	6.04	6.10	10.40	2.92
1.10	0.00	0.12	0.89	1.37	0.84	2.39	2.67	1.91	1.53	1.34	3.05	2.48	1.52	2.72	8.13	10.44	9.76	9.67	8.15	10.06	8.07	6.55	8.38	8.18	2.95	3.88	5.39	4.67	3.29	5.87	6.84	7.37	3.70	7.22	5.13	5.31	5.15	3.75	5.32	5.19	4.11	5.05	3.73	3.67	4.09	3.79	6.26	6.32	10.34	0.62
0.98	1.91	0.00	0.77	1.24	0.72	2.27	2.54	1.79	1.41	1.22	2.93	2.36	1.40	2.60	8.01	10.32	9.64	9.55	8.02	9.93	7.95	6.43	8.25	8.06	2.83	3.75	5.27	4.55	3.17	5.75	6.71	7.25	3.58	7.09	5.01	5.19	5.03	3.62	5.20	5.07	3.98	4.92	3.60	3.55	3.96	3.67	6.14	6.20	10.21	0.50
2.53	1.87	2.00	0.00	2.79	2.26	2.86	3.13	1.67	3.40	3.22	4.47	2.97	3.39	3.13	10.00	12.32	11.64	11.54	10.02	11.93	9.94	8.42	8.45	8.26	3.42	4.34	5.86	5.14	3.76	6.34	7.30	7.84	4.17	7.68	5.61	5.79	5.63	3.50	5.07	5.68	4.59	5.53	3.48	3.43	5.51	5.80	6.57	6.63	11.92	2.50
2.19	3.87	3.99	2.57	0.00	1.83	2.16	1.85	3.60	3.36	3.17	1.68	4.32	3.35	3.91	7.96	10.27	9.59	9.50	7.98	9.88	8.34	6.38	5.66	5.47	4.04	4.97	6.86	4.64	2.29	6.01	4.87	5.77	4.35	6.24	6.96	7.14	6.98	5.43	7.97	7.03	5.94	6.88	5.94	6.47	2.72	2.42	3.78	3.84	7.86	2.46
0.67	2.91	3.03	1.95	0.93	0.00	1.96	2.23	2.05	2.87	2.68	2.24	3.82	2.86	2.28	8.51	10.82	10.14	10.05	8.53	10.44	8.89	6.93	6.22	6.02	2.52	3.44	4.95	4.24	2.86	5.43	6.40	6.93	3.27	6.78	6.47	6.65	6.49	4.95	6.72	6.53	5.45	6.38	4.69	5.22	3.27	2.98	4.34	4.40	8.41	1.96
0.65	2.89	3.02	1.94	0.92	1.71	0.00	0.31	2.04	3.24	3.05	2.60	4.19	3.23	2.27	8.63	10.94	10.26	10.17	8.65	10.55	8.66	7.05	6.33	6.14	2.50	3.43	4.94	4.22	2.35	5.42	5.20	5.74	3.25	6.57	6.84	7.02	6.86	4.93	6.70	6.90	5.82	6.75	4.68	5.21	3.39	2.72	4.45	4.51	8.53	2.33
0.62	2.86	2.98	1.90	0.89	1.67	1.42	0.00	2.00	3.20	3.02	2.57	4.16	3.19	2.23	8.84	11.16	10.48	10.38	8.86	10.77	9.22	7.26	6.55	6.35	2.47	3.39	4.90	4.19	2.31	5.38	5.86	6.39	3.22	6.54	6.80	6.98	6.82	4.90	6.67	6.87	5.78	6.72	4.64	5.17	3.60	3.31	4.67	4.73	8.74	2.30
1.69	2.13	2.25	1.17	1.96	1.43	2.03	2.30	0.00	3.66	3.47	3.64	3.22	3.65	0.85	9.91	12.23	11.55	11.45	9.93	11.84	10.20	8.33	7.62	7.42	2.59	3.51	5.02	4.31	2.93	5.50	6.47	7.00	3.34	6.85	5.87	6.05	5.89	3.52	5.70	5.93	4.85	5.78	3.67	3.44	4.67	4.96	5.74	5.80	11.08	2.75
1.61	0.50	0.63	1.83	1.87	1.35	2.68	2.95	1.49	0.00	1.85	3.56	1.54	2.02	2.95	8.63	10.95	10.27	10.17	8.65	10.56	8.58	7.05	8.88	8.69	3.24	4.16	5.68	4.96	3.58	6.16	7.12	7.66	3.99	7.50	4.19	4.37	4.21	3.32	4.89	4.25	3.16	4.10	3.30	3.25	4.59	4.30	6.76	6.83	10.84	1.13
1.91	0.80	0.92	2.12	2.17	1.64	2.98	3.25	1.79	0.30	0.00	3.85	1.25	1.15	3.25	8.08	10.40	9.71	9.62	8.10	10.01	8.02	6.50	8.33	8.13	3.54	4.46	5.97	5.26	3.88	6.45	7.42	8.45	4.29	7.80	3.90	4.08	3.92	4.33	5.19	3.96	2.87	3.81	3.60	3.54	5.40	4.59	6.21	6.27	10.29	1.43
3.42	2.32	2.44	3.64	3.69	3.16	4.50	4.77	3.30	1.81	1.63	0.00	2.77	1.80	4.77	8.41	10.73	10.05	9.95	8.43	10.34	8.36	6.83	8.66	8.47	5.06	5.98	7.49	6.77	5.39	7.97	8.95	8.78	5.81	9.32	5.41	5.60	5.43	5.85	6.46	5.48	4.39	5.33	4.86	4.81	5.73	6.67	6.54	6.61	10.62	0.91
3.37	2.27	2.39	3.16	3.63	3.11	4.42	4.69	3.23	2.69	2.39	5.32	0.00	2.19	3.99	10.71	13.02	12.34	12.25	10.73	12.64	8.34	9.23	9.37	9.17	4.98	5.90	7.42	6.70	5.32	7.90	8.86	9.49	5.73	9.24	2.65	2.83	2.67	3.08	3.69	2.71	1.62	2.56	2.09	2.04	6.44	6.06	7.25	7.31	11.33	2.89
2.65	1.54	1.67	2.87	2.91	2.38	3.72	3.99	2.53	1.04	0.85	2.99	1.99	0.00	3.99	7.40	9.72	9.04	8.94	7.42	9.33	7.35	5.82	7.65	7.46	4.28	5.20	6.72	6.00	4.62	7.19	7.94	7.77	5.03	8.54	4.64	4.82	4.66	5.07	5.68	4.70	3.62	4.56	4.09	4.03	4.72	5.66	5.53	5.60	9.61	2.17
2.17	2.61	2.73	1.65	2.43	1.91	2.25	2.52	1.32	4.14	3.95	4.12	2.95	4.13	0.00	11.06	13.37	12.69	12.60	11.07	12.98	11.07	9.48	8.76	8.57	2.65	3.57	5.09	4.37	3.08	5.56	6.63	7.16	3.40	7.31	5.60	5.78	5.62	3.35	4.99	5.66	4.58	5.52	2.96	3.28	5.82	5.12	6.88	6.94	11.24	3.23
9.74	8.31	8.44	9.82	10.00	9.08	9.93	10.20	9.30	7.81	8.22	8.93	8.76	7.51	11.68	0.00	2.31	1.63	1.54	1.18	1.93	5.04	2.05	4.54	4.03	11.59	12.51	13.85	11.63	10.06	13.00	9.95	9.78	11.34	11.35	11.41	11.59	11.43	11.84	16.53	11.47	10.39	11.33	10.86	10.80	6.38	7.44	6.69	6.75	8.72	9.70
12.73	11.30	11.43	12.81	12.99	12.06	12.92	13.19	12.29	10.80	11.21	11.92	11.75	10.50	14.67	4.15	0.00	2.96	3.51	4.17	3.46	7.06	5.04	7.53	7.02	14.58	15.50	16.84	14.62	13.05	15.99	12.94	12.77	14.33	14.34	14.40	14.58	14.42	14.83	19.52	14.46	13.38	14.32	13.85	13.79	9.37	10.43	9.68	9.74	11.71	12.69
11.62	10.20	10.32	11.70	11.88	10.96	11.81	12.08	11.18	9.69	10.11	10.81	10.65	9.39	13.56	2.20	0.97	0.00	1.34	3.06	1.79	4.90	3.93	6.42	5.91	13.47	14.39	15.73	13.51	11.95	14.89	11.83	11.66	13.23	13.23	14.13	14.31	14.15	14.56	15.83	14.19	12.27	14.05	12.74	12.69	8.26	9.32	8.57	8.63	10.60	11.58
11.37	9.94	10.07	11.45	11.63	10.70	11.56	11.83	10.93	9.44	9.85	10.56	10.39	9.14	13.31	1.95	1.34	0.66	0.00	2.81	1.54	4.64	3.68	6.17	5.65	13.22	14.14	15.48	13.26	11.69	14.63	11.58	11.41	12.97	12.98	13.88	14.06	13.90	14.31	15.58	13.94	12.02	13.79	12.49	12.43	8.01	9.07	8.32	8.38	10.35	11.33
9.14	7.72	7.84	9.22	9.40	8.48	9.33	9.60	8.70	7.21	7.63	8.33	8.17	6.91	11.08	3.03	5.34	4.66	4.57	0.00	4.96	4.46	1.45	3.94	3.43	10.99	11.91	13.25	11.03	9.47	12.41	9.35	9.18	10.75	10.75	10.81	10.99	10.83	11.24	15.93	10.88	9.79	10.73	10.26	10.21	5.78	6.84	6.09	6.15	8.12	9.10
11.71	10.28	10.40	11.79	11.97	11.04	11.90	12.17	11.27	9.78	10.19	10.90	10.73	9.47	13.65	2.29	2.19	1.51	1.41	3.15	0.00	4.98	4.02	6.50	5.99	13.56	14.48	15.82	13.60	12.03	14.97	11.92	11.75	13.31	13.31	14.21	14.40	14.24	14.65	15.92	14.28	12.35	14.13	12.82	12.77	8.35	9.41	8.66	8.72	10.68	11.67
7.69	6.68	6.80	7.77	7.12	7.02	7.46	7.73	7.66	6.18	6.59	6.88	7.13	5.87	9.21	4.81	5.46	4.78	4.68	3.34	5.07	0.00	6.91	9.14	9.18	9.42	10.34	11.38	9.16	7.60	10.54	9.43	9.26	8.88	10.77	9.90	10.08	9.92	10.33	11.60	9.96	8.75	9.82	9.22	9.17	6.21	6.73	7.03	7.09	11.10	7.30
8.59	7.16	7.29	8.67	8.85	7.93	8.78	9.05	8.15	6.66	7.07	7.78	10.32	6.36	10.53	2.09	4.40	3.72	3.63	2.11	4.01	6.24	0.00	3.39	2.88	10.44	11.36	12.70	10.48	8.91	11.85	8.80	8.63	10.19	10.20	12.82	13.00	12.84	13.25	14.52	12.88	11.94	12.74	12.41	12.36	5.23	6.29	5.54	5.60	7.43	8.55
8.26	6.84	6.96	8.34	8.53	7.60	8.45	8.72	7.82	6.33	6.75	7.45	7.29	6.03	10.20	2.87	5.18	4.50	4.40	2.88	4.79	6.89	1.29	0.00	2.55	10.11	11.03	12.37	10.15	8.59	11.53	8.47	8.30	9.87	9.87	9.93	10.12	9.95	10.37	15.77	10.00	8.91	9.85	9.38	9.33	4.90	5.96	5.21	5.27	6.99	8.22
6.05	7.17	7.30	6.13	6.32	5.39	6.24	6.51	8.16	6.67	7.08	5.24	7.62	6.37	7.99	4.29	6.61	5.93	5.83	4.31	6.22	9.29	2.72	2.00	0.00	7.90	8.82	10.16	7.94	6.38	9.32	6.26	6.09	7.66	7.66	10.27	10.45	10.29	10.70	12.05	10.33	9.25	10.19	10.02	10.56	2.69	3.75	3.00	3.06	7.08	6.01
1.99	5.05	5.18	4.10	2.26	3.05	1.38	1.65	3.76	4.58	4.39	3.94	4.86	4.57	3.13	10.25	12.56	11.88	11.79	10.27	12.18	10.26	8.67	7.95	7.76	0.00	1.58	3.09	1.81	1.11	3.57	3.76	4.29	0.84	4.35	7.51	7.69	7.53	5.25	7.19	7.57	6.49	7.43	5.16	5.70	5.01	4.31	6.07	6.14	10.43	3.67
3.34	6.40	6.52	5.44	3.61	4.39	2.73	3.00	5.11	5.92	5.74	5.29	6.21	5.91	4.48	11.60	13.91	13.23	13.14	11.61	13.52	11.61	10.02	9.30	9.11	1.91	0.00	0.88	1.63	2.46	2.87	4.25	4.83	1.73	4.18	8.86	9.04	8.88	6.59	8.54	8.92	7.83	8.77	6.51	7.04	6.36	5.66	7.42	7.48	11.78	5.02
3.70	6.75	6.88	5.80	3.96	4.75	3.08	3.36	5.46	6.28	6.09	5.65	6.57	6.27	4.83	11.95	14.27	13.59	13.49	11.97	13.88	11.96	10.37	9.66	9.46	2.27	1.08	0.00	3.06	2.82	2.66	5.67	6.26	2.09	4.57	9.21	9.39	9.23	6.95	8.89	9.28	8.19	9.13	6.86	7.40	6.71	6.02	7.78	7.84	12.14	5.38
3.73	6.78	6.91	5.83	3.99	4.78	3.11	3.38	5.49	6.31	6.12	5.52	6.59	6.30	4.86	10.31	12.63	11.94	11.85	10.33	12.24	10.32	8.73	8.02	7.82	2.30	3.27	2.71	0.00	2.85	1.86	3.67	4.26	1.52	3.60	9.24	9.42	9.26	6.98	8.92	9.30	8.22	9.16	6.89	7.43	5.07	4.38	6.14	6.20	10.50	5.40
2.52	4.35	4.48	3.40	2.79	3.57	1.91	2.18	3.06	5.11	4.92	4.69	4.17	5.10	2.43	9.48	11.79	11.11	11.02	9.50	11.40	9.49	7.90	7.18	6.99	1.69	2.61	4.12	4.13	0.00	5.50	5.05	5.58	2.44	5.73	6.81	6.99	6.83	4.55	6.49	6.88	5.79	6.73	4.46	5.00	4.24	3.54	5.30	5.36	9.66	4.20
4.92	7.98	8.10	7.03	5.19	5.97	4.31	4.58	6.69	7.51	7.32	7.23	7.79	7.50	6.06	12.02	14.33	13.65	13.56	12.04	13.94	12.03	10.44	9.72	9.53	3.50	2.88	2.02	2.29	4.04	0.00	5.38	5.97	3.31	2.95	10.44	10.62	10.46	8.17	10.12	10.50	9.41	10.35	8.09	8.63	6.78	6.08	7.84	7.90	12.20	6.60
6.22	8.03	8.16	6.74	6.49	6.00	5.61	5.88	7.99	7.53	7.34	5.85	9.09	8.57	7.36	9.58	11.89	11.21	11.12	9.60	11.50	10.66	8.00	7.28	7.09	4.43	5.40	5.40	3.21	4.98	4.55	0.00	0.86	3.65	3.01	11.74	11.92	11.76	9.48	11.42	11.80	10.72	11.66	9.39	9.93	3.42	3.97	3.86	3.92	7.14	6.62
6.09	7.90	8.02	6.61	6.36	5.87	5.48	5.75	7.86	7.40	7.21	5.72	8.96	8.44	7.23	9.45	11.76	11.08	10.99	9.47	11.37	10.52	7.87	7.15	6.96	4.42	5.38	5.38	3.20	4.96	4.54	0.36	0.00	3.64	2.99	11.61	11.79	11.63	9.35	11.29	11.67	10.59	11.52	9.26	9.80	3.29	3.84	3.72	3.78	7.17	6.49
2.96	6.02	6.14	5.07	3.23	4.01	2.35	2.62	4.73	5.55	5.36	5.43	5.83	5.54	4.10	10.22	12.54	11.85	11.76	10.24	12.15	10.23	8.64	7.93	7.73	1.54	1.23	1.71	0.97	2.08	3.25	3.58	4.17	0.00	3.51	8.48	8.66	8.50	6.22	8.16	8.54	7.46	8.39	6.13	6.67	4.98	4.29	6.05	6.11	10.41	4.64
6.24	9.30	9.42	8.34	6.50	6.94	5.63	5.90	8.01	8.47	8.28	6.79	9.11	8.64	7.38	11.58	13.90	13.22	13.12	11.60	13.51	11.59	10.00	9.29	9.09	4.57	4.68	3.82	3.35	5.12	2.98	3.18	3.76	3.79	0.00	11.75	11.94	11.77	9.49	11.44	11.82	10.73	11.67	9.41	9.94	6.34	5.65	6.18	6.24	10.04	7.56
4.72	3.61	3.74	4.51	4.98	4.46	5.83	6.10	4.58	5.14	4.68	6.67	2.53	4.48	4.39	13.01	15.33	14.65	14.55	13.03	14.94	10.64	11.53	11.66	11.46	6.69	7.25	8.77	8.05	6.66	9.24	10.20	10.74	7.08	10.89	0.00	1.37	1.25	1.62	3.70	0.55	3.24	0.66	2.15	2.44	8.73	8.70	9.54	9.60	13.62	4.24
5.26	4.15	4.27	5.54	5.52	4.99	4.64	4.91	3.85	5.68	5.25	7.21	3.10	5.05	3.20	13.58	15.89	15.21	15.12	13.60	15.51	11.21	12.10	11.15	10.96	5.50	6.40	7.92	7.20	5.47	8.40	9.02	9.55	6.23	9.71	1.68	0.00	3.53	0.44	1.97	2.22	4.73	5.77	0.96	1.25	8.21	7.51	9.27	9.34	13.63	4.78
4.76	3.66	3.78	4.55	5.02	4.50	5.87	6.14	4.62	5.19	4.72	6.71	2.58	4.53	4.43	13.05	15.37	14.69	14.59	13.07	14.98	10.69	11.57	11.70	11.51	6.73	7.29	8.81	8.09	6.70	9.29	10.25	10.78	7.12	10.93	1.23	1.41	0.00	1.66	3.75	0.92	1.38	0.81	2.19	2.48	8.77	8.74	9.58	9.65	13.66	4.28
3.94	2.83	2.96	3.73	4.20	3.67	4.74	5.01	3.80	4.36	3.90	5.88	1.75	3.70	3.58	12.23	14.55	13.86	13.77	12.25	14.16	9.86	10.75	10.88	10.68	5.55	6.47	7.99	7.27	5.57	8.46	9.12	9.65	6.30	9.80	4.40	1.74	4.42	0.00	3.28	4.46	3.38	4.32	1.68	1.63	7.95	7.61	8.76	8.82	12.84	3.46
7.16	6.86	6.98	7.44	7.43	7.70	6.55	6.82	7.11	8.13	7.83	9.11	5.77	7.64	5.52	14.56	16.87	16.19	16.10	14.58	16.49	12.19	13.08	13.06	12.87	7.41	8.31	9.82	9.11	7.38	10.30	10.93	11.46	8.14	11.61	4.43	4.61	2.11	4.86	0.00	4.49	4.27	4.35	4.43	3.48	10.12	9.42	11.18	11.24	15.54	7.48
4.90	3.79	3.91	4.68	5.16	4.63	6.00	6.28	4.75	5.32	4.86	6.84	2.71	4.66	4.56	13.19	15.50	14.82	14.73	13.21	15.11	10.82	11.70	11.83	11.64	6.87	7.43	8.94	8.22	6.84	9.42	10.38	10.92	7.26	11.07	0.19	1.55	1.43	1.80	3.88	0.00	3.41	0.84	2.32	2.61	8.91	8.88	9.72	9.78	13.79	4.42
4.55	3.45	3.57	4.34	4.81	4.29	5.66	5.93	4.41	4.98	4.51	6.50	2.37	4.32	4.22	12.21	14.52	13.84	13.74	12.22	14.13	9.84	10.72	11.49	11.30	6.52	7.08	8.60	7.88	6.49	9.08	10.04	10.57	6.91	10.72	1.02	1.20	1.04	1.46	3.54	1.09	0.00	0.94	1.98	2.27	8.56	8.53	9.38	9.44	13.45	4.07
4.06	2.95	3.08	3.85	4.32	3.79	5.17	5.44	3.92	4.48	4.02	6.00	1.87	3.82	3.73	12.35	14.66	13.98	13.89	12.37	14.28	9.98	10.87	11.00	10.80	6.03	6.59	8.10	7.39	6.00	8.58	9.54	10.08	6.42	10.23	0.53	0.71	0.88	0.96	3.04	0.40	2.58	0.00	1.49	1.78	8.07	8.04	8.88	8.94	12.96	3.58
4.77	3.98	4.10	5.05	5.03	5.31	4.16	4.43	3.67	5.51	5.07	6.72	2.93	4.88	3.03	13.40	15.72	15.04	14.94	13.42	15.33	11.04	11.92	10.67	10.47	5.02	5.92	7.43	6.71	4.99	7.91	8.53	9.07	5.75	9.22	5.57	2.74	5.59	1.67	3.24	5.64	4.55	5.49	0.00	1.07	7.72	7.03	8.79	8.85	13.15	4.60
4.48	3.66	3.79	4.77	4.75	4.50	3.87	4.14	3.36	5.19	4.76	6.43	2.61	4.56	2.71	13.09	15.41	14.73	14.63	13.11	15.02	10.72	11.61	10.38	10.19	4.75	5.65	7.17	6.45	4.70	7.65	8.25	8.78	5.48	8.94	5.26	2.43	5.28	1.35	2.93	5.32	4.24	5.18	1.33	0.00	7.44	6.74	8.50	8.56	12.86	4.29
4.64	6.94	7.06	5.69	4.91	4.95	4.03	4.30	6.41	6.43	6.85	4.80	7.39	6.13	5.78	7.14	9.45	8.77	8.68	7.16	9.06	9.05	5.56	4.84	4.65	6.49	7.41	7.95	5.73	4.17	7.10	3.58	3.41	5.45	5.45	10.04	10.22	10.06	7.90	9.84	10.10	9.01	9.95	7.81	8.35	0.00	2.75	1.41	1.48	5.49	5.57
3.56	5.44	5.56	4.15	2.61	3.40	2.94	3.21	5.32	4.93	4.75	3.26	5.89	5.19	4.70	7.08	9.40	8.72	8.62	7.10	9.01	8.14	5.51	4.79	4.60	5.40	6.33	6.86	4.65	3.08	6.02	3.98	4.30	4.36	6.25	8.53	8.72	8.55	6.81	8.75	8.60	7.51	8.45	6.72	7.26	1.25	0.00	2.31	2.37	6.39	4.03
6.03	7.15	7.28	6.11	6.30	5.37	6.22	6.49	8.14	6.65	7.06	5.22	7.60	6.35	7.97	5.72	8.03	7.35	7.26	5.74	7.65	9.27	4.14	3.42	3.23	7.88	8.80	10.14	7.93	6.36	9.30	6.24	6.08	7.64	7.64	10.25	10.43	10.27	10.68	12.03	10.31	9.23	10.17	10.00	10.54	2.67	3.73	0.00	0.08	7.06	6.00
5.96	7.08	7.20	6.04	6.22	5.29	6.14	6.42	8.06	6.57	6.99	5.15	7.53	6.27	7.90	5.64	7.96	7.28	7.18	5.66	7.57	9.19	4.06	3.35	3.15	7.80	8.73	10.07	7.85	6.28	9.22	6.16	6.00	7.56	7.56	10.17	10.36	10.19	10.61	11.96	10.24	9.15	10.09	9.93	10.46	2.60	3.66	2.91	0.00	6.98	5.92
7.68	8.72	8.84	7.47	7.95	6.73	7.07	7.34	9.45	8.22	8.63	6.58	9.17	7.91	8.82	7.80	10.11	9.43	9.34	7.82	9.72	10.83	6.22	6.63	6.43	9.53	10.45	10.99	8.77	7.20	10.14	5.50	5.33	8.48	8.49	11.82	12.00	11.84	10.93	12.88	11.88	10.79	11.73	10.85	11.38	4.24	5.09	3.20	3.26	0.00	7.35
2.97	1.86	1.99	3.19	3.23	2.71	4.04	4.31	2.85	1.36	1.17	3.55	2.31	1.35	4.31	7.96	10.27	9.59	9.50	7.98	9.89	7.90	6.38	8.21	8.01	4.60	5.52	7.04	6.32	4.94	7.52	8.49	8.33	5.35	8.86	4.96	5.14	4.98	5.39	6.00	5.02	3.94	4.88	4.41	4.35	5.28	6.21	6.09	6.15	10.17	0.00
